# potential-vacuum / V, energy [eV]
3.000000000000000000e+00 -8.860238535923461711e+01
3.222222222222222321e+00 -8.832967135714993390e+01
3.444444444444444642e+00 -8.814347042255003828e+01
3.666666666666666519e+00 -8.804027231174056567e+01
3.888888888888888840e+00 -8.802948571203883432e+01
4.111111111111110716e+00 -8.809901858645055484e+01
4.333333333333333037e+00 -8.825246968275867232e+01
4.555555555555555358e+00 -8.847847470670491532e+01
4.777777777777777679e+00 -8.878024777638073317e+01
5.000000000000000000e+00 -8.916244001867613633e+01
