# potential-vacuum / V, energy [eV]
3.000000000000000000e+00 -1.114743589233574994e+02
3.222222222222222321e+00 -1.112473000759641764e+02
3.444444444444444642e+00 -1.111004253150630348e+02
3.666666666666666519e+00 -1.110271195817597487e+02
3.888888888888888840e+00 -1.110262809261621726e+02
4.111111111111110716e+00 -1.110971207172386386e+02
4.333333333333333037e+00 -1.112453149533041881e+02
4.555555555555555358e+00 -1.114504156974078199e+02
4.777777777777777679e+00 -1.117329638859850860e+02
5.000000000000000000e+00 -1.120825417553453036e+02
